Rk,Player,Tm,Age,Pos,G,GS,Tgt,Rec,Yds,Y/R,TD,1D,Lng,R/G,Y/G,Ctch%,Y/Tgt,Att,Yds,TD,1D,Lng,Y/A,Y/G,A/G,Touch,Y/Tch,YScm,RRTD,Fmb
1,Alvin Kamara\KamaAl00,NOR,25,rb,4,3,35,30,321,10.7,3,13,52,7.5,80.3,85.7%,9.2,50,236,4,14,49,4.7,59.0,12.5,80,7.0,557,7,0
2,Aaron Jones\JoneAa00,GNB,26,rb,4,4,23,15,135,9.0,2,7,30,3.8,33.8,65.2%,5.9,65,374,4,17,75,5.8,93.5,16.3,80,6.4,509,6,1
3,Dalvin Cook\CookDa01,MIN,25,rb,4,4,11,7,40,5.7,0,2,15,1.8,10.0,63.6%,3.6,75,424,6,25,39,5.7,106.0,18.8,82,5.7,464,6,1
4,James Robinson\RobiJa00,JAX,22,rb,4,4,15,14,161,11.5,0,6,28,3.5,40.3,93.3%,10.7,60,285,3,15,39,4.8,71.3,15.0,74,6.0,446,3,0
5,Ronald Jones II\JoneRo01,TAM,23,rb,5,5,23,15,76,5.1,0,1,11,3.0,15.2,65.2%,3.3,74,359,1,19,37,4.9,71.8,14.8,89,4.9,435,1,0
6,Clyde Edwards-Helaire\EdwaCl00,KAN,21,rb,4,4,19,14,129,9.2,0,5,24,3.5,32.3,73.7%,6.8,71,304,1,13,27,4.3,76.0,17.8,85,5.1,433,1,0
7,Ezekiel Elliott\ElliEz00,DAL,25,rb,4,4,30,23,159,6.9,1,9,19,5.8,39.8,76.7%,5.3,70,273,3,19,24,3.9,68.3,17.5,93,4.6,432,4,3
8,Allen Robinson\RobiAl02,CHI,27,wr,5,5,57,35,421,12.0,2,21,37,7.0,84.2,61.4%,7.4,1,-1,0,0,-1,-1.0,-0.2,0.2,36,11.7,420,2,0
9,Stefon Diggs\DiggSt00,BUF,27,wr,4,4,35,26,403,15.5,2,18,49,6.5,100.8,74.3%,11.5,,,,0,,,,,26,15.5,403,2,0
10,D.K. Metcalf\MetcDK00,SEA,23,wr,4,4,28,16,403,25.2,3,13,62,4.0,100.8,57.1%,14.4,,,,0,,,,,16,25.2,403,3,1
11,Joe Mixon\MixoJo00,CIN,24,rb,4,4,15,13,88,6.8,1,4,18,3.3,22.0,86.7%,5.9,77,315,2,16,34,4.1,78.8,19.3,90,4.5,403,3,1
12,Amari Cooper\CoopAm00,DAL,26,wr,4,4,51,37,401,10.8,1,22,58,9.3,100.3,72.5%,7.9,,,,0,,,,,37,10.8,401,1,0
13,Josh Jacobs\JacoJo01,LVR,22,rb,4,4,17,13,100,7.7,0,2,29,3.3,25.0,76.5%,5.9,83,300,3,19,16,3.6,75.0,20.8,96,4.2,400,3,1
14,DeAndre Hopkins\HopkDe00,ARI,28,wr,4,4,46,39,397,10.2,1,24,33,9.8,99.3,84.8%,8.6,,,,0,,,,,39,10.2,397,1,0
15,Austin Ekeler\EkelAu00,LAC,25,rb,4,4,17,17,144,8.5,0,7,28,4.3,36.0,100.0%,8.5,49,248,1,14,13,5.1,62.0,12.3,66,5.9,392,1,0
16,Terry McLaurin\McLaTe00,WAS,25,wr,4,4,39,26,387,14.9,1,20,39,6.5,96.8,66.7%,9.9,1,3,0,1,3,3.0,0.8,0.3,27,14.4,390,1,0
17,Robby Anderson\AndeRo04,CAR,27,wr,4,4,34,28,377,13.5,1,16,75,7.0,94.3,82.4%,11.1,,,,0,,,,,28,13.5,377,1,1
18,David Montgomery\MontDa01,CHI,23,rb,5,5,23,16,124,7.8,1,6,28,3.2,24.8,69.6%,5.4,63,247,1,14,23,3.9,49.4,12.6,79,4.7,371,2,0
19,Calvin Ridley\RidlCa00,ATL,26,wr,4,4,40,21,349,16.6,4,19,63,5.3,87.3,52.5%,8.7,2,6,0,1,7,3.0,1.5,0.5,23,15.4,355,4,0
20,Nick Chubb\ChubNi00,CLE,25,rb,4,4,3,3,17,5.7,0,1,9,0.8,4.3,100.0%,5.7,57,335,4,16,29,5.9,83.8,14.3,60,5.9,352,4,1
21,Chris Carson\CarsCh00,SEA,26,rb,4,4,16,15,113,7.5,3,6,19,3.8,28.3,93.8%,7.1,53,237,2,15,23,4.5,59.3,13.3,68,5.1,350,5,1
22,Justin Jefferson\JeffJu00,MIN,21,wr,4,2,20,16,348,21.8,1,14,71,4.0,87.0,80.0%,17.4,,,,0,,,,,16,21.8,348,1,0
23,Derrick Henry\HenrDe00,TEN,26,rb,3,3,8,5,26,5.2,0,3,6,1.7,8.7,62.5%,3.3,82,319,2,18,16,3.9,106.3,27.3,87,4.0,345,2,0
24,Jonathan Taylor\TaylJo02,IND,21,rb,4,3,10,10,90,9.0,0,2,35,2.5,22.5,100.0%,9.0,65,250,2,14,16,3.8,62.5,16.3,75,4.5,340,2,0
25,Keenan Allen\AlleKe00,LAC,28,wr,4,4,48,32,327,10.2,1,19,28,8.0,81.8,66.7%,6.8,,,,0,,,,,32,10.2,327,1,2
26,Devin Singletary\SingDe00,BUF,23,rb,4,4,21,16,114,7.1,0,2,34,4.0,28.5,76.2%,5.4,50,213,1,15,18,4.3,53.3,12.5,66,5.0,327,1,0
27,Melvin Gordon\GordMe00,DEN,27,rb,4,4,15,11,45,4.1,1,2,16,2.8,11.3,73.3%,3.0,65,281,3,11,43,4.3,70.3,16.3,76,4.3,326,4,1
28,Tyler Boyd\BoydTy00,CIN,26,wr,4,3,34,28,320,11.4,1,23,25,7.0,80.0,82.4%,9.4,1,4,0,0,4,4.0,1.0,0.3,29,11.2,324,1,0
29,CeeDee Lamb\LambCe00,DAL,21,wr,4,4,29,21,309,14.7,2,14,43,5.3,77.3,72.4%,10.7,3,13,0,0,9,4.3,3.3,0.8,24,13.4,322,2,0
30,Tyreek Hill\HillTy00,KAN,26,wr,4,4,29,19,286,15.1,4,15,54,4.8,71.5,65.5%,9.9,3,34,0,1,22,11.3,8.5,0.8,22,14.5,320,4,1
31,Kareem Hunt\HuntKa00,CLE,25,,4,0,11,8,42,5.3,2,3,9,2.0,10.5,72.7%,3.8,50,275,3,16,33,5.5,68.8,12.5,58,5.5,317,5,1
32,Julian Edelman\EdelJu00,NWE,34,,4,0,30,18,294,16.3,0,16,49,4.5,73.5,60.0%,9.8,2,22,0,1,23,11.0,5.5,0.5,20,15.8,316,0,0
33,Cooper Kupp\KuppCo00,LAR,27,wr,4,3,28,23,297,12.9,2,15,55,5.8,74.3,82.1%,10.6,3,17,0,2,15,5.7,4.3,0.8,26,12.1,314,2,1
34,Miles Sanders\SandMi01,PHI,23,rb,3,3,19,9,78,8.7,0,3,28,3.0,26.0,47.4%,4.1,51,236,1,15,19,4.6,78.7,17.0,60,5.2,314,1,1
35,Odell Beckham Jr.\BeckOd00,CLE,28,wr,4,4,30,16,236,14.8,3,12,43,4.0,59.0,53.3%,7.9,2,73,1,2,50,36.5,18.3,0.5,18,17.2,309,4,0
36,Myles Gaskin\GaskMy00,MIA,23,rb,4,2,20,18,113,6.3,0,4,15,4.5,28.3,90.0%,5.7,48,192,0,13,15,4.0,48.0,12.0,66,4.6,305,0,0
37,Tyler Lockett\LockTy00,SEA,28,wr,4,4,33,26,298,11.5,4,15,43,6.5,74.5,78.8%,9.0,,,,0,,,,,26,11.5,298,4,0
38,David Johnson\JohnDa08,HOU,29,rb,4,4,14,9,100,11.1,0,5,20,2.3,25.0,64.3%,7.1,51,197,2,10,19,3.9,49.3,12.8,60,5.0,297,2,0
39,Travis Kelce\KelcTr00,KAN,31,te,4,4,34,24,297,12.4,2,17,45,6.0,74.3,70.6%,8.7,,,,0,,,,,24,12.4,297,2,0
40,Adam Thielen\ThieAd00,MIN,30,wr,4,4,31,20,284,14.2,4,12,39,5.0,71.0,64.5%,9.2,2,12,0,0,8,6.0,3.0,0.5,22,13.5,296,4,0
41,Jerick McKinnon\McKiJe00,SFO,28,rb,4,2,18,13,102,7.8,1,5,26,3.3,25.5,72.2%,5.7,34,193,3,7,55,5.7,48.3,8.5,47,6.3,295,4,0
42,Robert Woods\WoodRo02,LAR,28,wr,4,4,26,19,229,12.1,1,11,31,4.8,57.3,73.1%,8.8,8,65,1,3,15,8.1,16.3,2.0,27,10.9,294,2,1
43,D.J. Moore\MoorD.00,CAR,23,wr,4,4,32,18,288,16.0,0,15,38,4.5,72.0,56.3%,9.0,,,,0,,,,,18,16.0,288,0,0
44,James Conner\ConnJa00,PIT,25,rb,3,3,11,8,63,7.9,0,4,13,2.7,21.0,72.7%,5.7,40,224,2,10,59,5.6,74.7,13.3,48,6.0,287,2,0
45,Antonio Gibson\GibsAn00,WAS,22,rb,4,2,12,10,98,9.8,0,4,40,2.5,24.5,83.3%,8.2,44,186,3,11,20,4.2,46.5,11.0,54,5.3,284,3,1
46,Darrell Henderson\HendDa00,LAR,23,rb,4,2,7,4,62,15.5,0,3,28,1.0,15.5,57.1%,8.9,43,222,2,17,40,5.2,55.5,10.8,47,6.0,284,2,0
47,DeVante Parker\ParkDe01,MIA,27,wr,4,4,29,24,279,11.6,1,15,21,6.0,69.8,82.8%,9.6,,,,0,,,,,24,11.6,279,1,0
48,Mike Davis\DaviMi01,CAR,27,rb,4,2,23,21,146,7.0,1,7,22,5.3,36.5,91.3%,6.3,30,131,1,6,25,4.4,32.8,7.5,51,5.4,277,2,0
49,Adrian Peterson\PeteAd01,DET,35,rb,4,2,6,4,31,7.8,0,1,10,1.0,7.8,66.7%,5.2,54,245,1,11,27,4.5,61.3,13.5,58,4.8,276,1,0
50,Michael Gallup\GallMi00,DAL,24,wr,4,4,24,13,275,21.2,1,11,52,3.3,68.8,54.2%,11.5,,,,0,,,,,13,21.2,275,1,0
51,Kenyan Drake\DrakKe00,ARI,26,rb,4,2,5,5,20,4.0,0,0,6,1.3,5.0,100.0%,4.0,67,254,1,17,16,3.8,63.5,16.8,72,3.8,274,1,0
52,Will Fuller\FullWi01,HOU,26,wr,4,4,22,18,274,15.2,2,12,43,4.5,68.5,81.8%,12.5,1,0,0,0,0,0.0,0.0,0.3,19,14.4,274,2,0
53,Mike Evans\EvanMi00,TAM,27,wr,5,5,35,22,271,12.3,6,16,50,4.4,54.2,62.9%,7.7,,,,0,,,,,22,12.3,271,6,0
54,Allen Lazard\LazaAl00,GNB,25,wr,3,3,17,13,254,19.5,2,11,72,4.3,84.7,76.5%,14.9,2,17,0,1,19,8.5,5.7,0.7,15,18.1,271,2,0
55,Kyler Murray\MurrKy00,ARI,23,qb,4,4,0,0,0,,0,0,0,0.0,0.0,0.0%,,32,265,4,13,48,8.3,66.3,8.0,32,8.3,265,4,1
56,Todd Gurley\GurlTo01,ATL,26,rb,4,4,8,4,9,2.3,0,0,6,1.0,2.3,50.0%,1.1,65,254,4,15,16,3.9,63.5,16.3,69,3.8,263,4,1
57,Cole Beasley\BeasCo00,BUF,31,wr,4,2,24,18,260,14.4,1,12,29,4.5,65.0,75.0%,10.8,,,,0,,,,,18,14.4,260,1,0
58,Joshua Kelley\KellJo01,LAC,23,,4,0,7,7,84,12.0,0,3,35,1.8,21.0,100.0%,12.0,52,174,1,10,26,3.3,43.5,13.0,59,4.4,258,1,2
59,Raheem Mostert\MostRa00,SFO,28,rb,2,2,7,6,110,18.3,1,4,76,3.0,55.0,85.7%,15.7,23,148,1,4,80,6.4,74.0,11.5,29,8.9,258,2,0
60,Scott Miller\MillSc01,TAM,23,wr,5,4,21,15,250,16.7,1,9,47,3.0,50.0,71.4%,11.9,2,7,0,0,6,3.5,1.4,0.4,17,15.1,257,1,0
61,Darren Waller\WallDa01,LVR,28,te,4,4,40,29,247,8.5,1,16,22,7.3,61.8,72.5%,6.2,,,,0,,,,,29,8.5,247,1,1
62,Hunter Henry\HenrHu00,LAC,26,te,4,4,27,18,245,13.6,0,11,33,4.5,61.3,66.7%,9.1,,,,0,,,,,18,13.6,245,0,0
63,George Kittle\KittGe00,SFO,27,te,2,2,20,19,227,11.9,1,12,38,9.5,113.5,95.0%,11.4,2,17,0,1,9,8.5,8.5,1.0,21,11.6,244,1,0
64,Laviska Shenault Jr.\ShenLa00,JAX,22,wr,4,3,20,16,191,11.9,1,10,28,4.0,47.8,80.0%,9.6,9,53,0,3,14,5.9,13.3,2.3,25,9.8,244,1,0
65,Marquise Brown\BrowMa04,BAL,23,wr,4,3,26,16,242,15.1,0,11,47,4.0,60.5,61.5%,9.3,,,,0,,,,,16,15.1,242,0,0
66,Darius Slayton\SlayDa01,NYG,23,wr,4,3,29,15,236,15.7,2,12,41,3.8,59.0,51.7%,8.1,,,,0,,,,,15,15.7,236,2,1
67,Lamar Jackson\JackLa00,BAL,23,qb,4,4,0,0,0,,0,0,0,0.0,0.0,0.0%,,39,235,1,10,50,6.0,58.8,9.8,39,6.0,235,1,3
68,Jerry Jeudy\JeudJe00,DEN,21,wr,4,2,28,15,234,15.6,1,11,48,3.8,58.5,53.6%,8.4,,,,0,,,,,15,15.6,234,1,1
69,Malcolm Brown\BrowMa03,LAR,27,,4,0,12,8,50,6.3,0,2,18,2.0,12.5,66.7%,4.2,45,183,2,15,19,4.1,45.8,11.3,53,4.4,233,2,0
70,Rex Burkhead\BurkRe00,NWE,30,,4,0,17,12,101,8.4,1,6,19,3.0,25.3,70.6%,5.9,30,128,2,9,18,4.3,32.0,7.5,42,5.5,229,3,0
71,Latavius Murray\MurrLa00,NOR,30,rb,4,1,6,4,45,11.3,0,2,19,1.0,11.3,66.7%,7.5,44,184,2,14,11,4.2,46.0,11.0,48,4.8,229,2,0
72,Jamaal Williams\WillJa06,GNB,25,rb,4,1,13,13,119,9.2,0,5,29,3.3,29.8,100.0%,9.2,29,108,0,7,18,3.7,27.0,7.3,42,5.4,227,0,0
73,Christian McCaffrey\McCaCh01,CAR,24,rb,2,2,9,7,67,9.6,0,4,16,3.5,33.5,77.8%,7.4,41,156,4,9,15,3.8,78.0,20.5,48,4.6,223,4,0
74,Jamison Crowder\CrowJa00,NYJ,27,wr,2,2,23,14,219,15.6,1,10,69,7.0,109.5,60.9%,9.5,,,,0,,,,,14,15.6,219,1,0
75,Noah Fant\FantNo00,DEN,23,te,4,4,27,19,219,11.5,2,9,31,4.8,54.8,70.4%,8.1,,,,0,,,,,19,11.5,219,2,0
76,Dalton Schultz\SchuDa00,DAL,24,te,4,2,28,18,219,12.2,2,13,28,4.5,54.8,64.3%,7.8,,,,0,,,,,18,12.2,219,2,1
77,Randall Cobb\CobbRa00,HOU,30,wr,4,1,18,13,213,16.4,1,10,34,3.3,53.3,72.2%,11.8,,,,0,,,,,13,16.4,213,1,0
78,Julio Jones\JoneJu02,ATL,31,wr,3,3,20,15,213,14.2,0,8,44,5.0,71.0,75.0%,10.7,,,,0,,,,,15,14.2,213,0,0
79,Marquez Valdes-Scantling\ValdMa00,GNB,26,wr,4,2,25,12,210,17.5,1,9,45,3.0,52.5,48.0%,8.4,,,,0,,,,,12,17.5,210,1,0
80,Tim Patrick\PatrTi00,DEN,27,wr,4,4,21,16,209,13.1,2,10,40,4.0,52.3,76.2%,10.0,,,,0,,,,,16,13.1,209,2,0
81,Corey Davis\DaviCo03,TEN,25,wr,3,3,19,15,206,13.7,1,13,38,5.0,68.7,78.9%,10.8,,,,0,,,,,15,13.7,206,1,0
82,Russell Gage\GageRu00,ATL,24,wr,4,3,27,19,208,10.9,1,15,24,4.8,52.0,70.4%,7.7,1,-2,0,0,-2,-2.0,-0.5,0.3,20,10.3,206,1,0
83,DJ Chark\CharDJ00,JAX,24,wr,3,3,16,15,204,13.6,3,13,45,5.0,68.0,93.8%,12.8,,,,0,,,,,15,13.6,204,3,0
84,Sammy Watkins\WatkSa00,KAN,27,wr,4,4,27,19,198,10.4,1,14,21,4.8,49.5,70.4%,7.3,1,3,0,0,3,3.0,0.8,0.3,20,10.1,201,1,1
85,Hunter Renfrow\RenfHu00,LVR,25,,4,0,22,16,199,12.4,1,11,37,4.0,49.8,72.7%,9.0,,,,0,,,,,16,12.4,199,1,1
86,Kendrick Bourne\BourKe00,SFO,25,wr,4,4,22,13,197,15.2,0,10,24,3.3,49.3,59.1%,9.0,,,,0,,,,,13,15.2,197,0,0
87,Sony Michel\MichSo00,NWE,25,rb,3,3,3,2,23,11.5,0,1,14,0.7,7.7,66.7%,7.7,26,173,1,7,48,6.7,57.7,8.7,28,7.0,196,1,0
88,Mo Alie-Cox\AlieMo00,IND,27,te,4,2,13,11,194,17.6,2,9,45,2.8,48.5,84.6%,14.9,,,,0,,,,,11,17.6,194,2,0
89,John Brown\BrowJo02,BUF,30,wr,4,4,23,14,194,13.9,2,11,46,3.5,48.5,60.9%,8.4,,,,0,,,,,14,13.9,194,2,0
90,Keelan Cole\ColeKe00,JAX,27,wr,4,1,23,19,194,10.2,2,12,23,4.8,48.5,82.6%,8.4,,,,0,,,,,19,10.2,194,2,0
91,Davante Adams\AdamDa01,GNB,28,wr,2,2,20,17,192,11.3,2,10,40,8.5,96.0,85.0%,9.6,,,,0,,,,,17,11.3,192,2,0
92,Jarvis Landry\LandJa00,CLE,28,wr,4,4,19,17,191,11.2,0,11,21,4.3,47.8,89.5%,10.1,,,,0,,,,,17,11.2,191,0,0
93,Mike Gesicki\GesiMi00,MIA,25,te,4,3,22,13,190,14.6,2,11,27,3.3,47.5,59.1%,8.6,,,,0,,,,,13,14.6,190,2,0
94,Tre'Quan Smith\SmitTr03,NOR,24,wr,4,4,18,14,186,13.3,2,11,29,3.5,46.5,77.8%,10.3,,,,0,,,,,14,13.3,186,2,0
95,Frank Gore\GoreFr00,NYJ,37,rb,4,4,5,2,11,5.5,0,0,6,0.5,2.8,40.0%,2.2,55,174,0,9,13,3.2,43.5,13.8,57,3.2,185,0,0
96,David Moore\MoorDa03,SEA,25,wr,4,3,11,10,173,17.3,2,6,57,2.5,43.3,90.9%,15.7,1,12,0,1,12,12.0,3.0,0.3,11,16.8,185,2,1
97,Curtis Samuel\SamuCu00,CAR,24,wr,4,1,18,14,147,10.5,0,7,24,3.5,36.8,77.8%,8.2,11,35,0,2,14,3.2,8.8,2.8,25,7.3,182,0,0
98,Emmanuel Sanders\SandEm00,NOR,33,wr,4,2,22,14,182,13.0,2,12,25,3.5,45.5,63.6%,8.3,,,,0,,,,,14,13.0,182,2,0
99,Jonnu Smith\SmitJo01,TEN,25,te,3,3,20,13,181,13.9,3,8,63,4.3,60.3,65.0%,9.1,,,,0,,,,,13,13.9,181,3,0
100,T.J. Hockenson\HockTJ00,DET,23,te,4,4,20,15,180,12.0,2,10,29,3.8,45.0,75.0%,9.0,,,,0,,,,,15,12.0,180,2,0
101,Damiere Byrd\ByrdDa00,NWE,27,wr,4,3,22,14,179,12.8,0,9,30,3.5,44.8,63.6%,8.1,,,,0,,,,,14,12.8,179,0,1
102,Brandon Aiyuk\AiyuBr00,SFO,22,wr,3,3,16,9,109,12.1,0,8,20,3.0,36.3,56.3%,6.8,4,69,2,2,38,17.3,23.0,1.3,13,13.7,178,2,0
103,Danny Amendola\AmenDa00,DET,35,wr,4,1,21,10,177,17.7,0,7,50,2.5,44.3,47.6%,8.4,,,,0,,,,,10,17.7,177,0,0
104,Mark Ingram\IngrMa01,BAL,31,rb,4,4,5,3,25,8.3,0,1,18,0.8,6.3,60.0%,5.0,34,148,2,7,30,4.4,37.0,8.5,37,4.7,173,2,0
105,Robert Tonyan\TonyRo00,GNB,26,te,4,3,14,13,173,13.3,5,11,27,3.3,43.3,92.9%,12.4,,,,0,,,,,13,13.3,173,5,0
106,Nyheim Hines\HineNy00,IND,24,,4,0,17,16,97,6.1,1,6,15,4.0,24.3,94.1%,5.7,23,73,1,4,12,3.2,18.3,5.8,39,4.4,170,2,0
107,Anthony Miller\MillAn02,CHI,26,,5,0,23,13,161,12.4,2,7,28,2.6,32.2,56.5%,7.0,1,9,0,1,9,9.0,1.8,0.2,14,12.1,170,2,1
108,Jimmy Graham\GrahJi00,CHI,34,te,5,5,28,17,169,9.9,4,13,29,3.4,33.8,60.7%,6.0,,,,0,,,,,17,9.9,169,4,1
109,Jordan Akins\AkinJo00,HOU,28,te,4,2,15,14,168,12.0,1,8,26,3.5,42.0,93.3%,11.2,,,,0,,,,,14,12.0,168,1,0
110,N'Keal Harry\HarrNK00,NWE,23,wr,4,4,28,18,166,9.2,1,9,27,4.5,41.5,64.3%,5.9,1,2,0,0,2,2.0,0.5,0.3,19,8.8,168,1,1
111,Gus Edwards\EdwaGu00,BAL,25,,4,0,0,0,0,,0,0,0,0.0,0.0,0.0%,,27,167,0,11,24,6.2,41.8,6.8,27,6.2,167,0,0
112,Mark Andrews\AndrMa00,BAL,24,te,4,1,20,12,166,13.8,4,10,29,3.0,41.5,60.0%,8.3,,,,0,,,,,12,13.8,166,4,1
113,D'Andre Swift\SwifDA00,DET,21,,4,0,16,13,124,9.5,1,6,19,3.3,31.0,81.3%,7.8,12,42,1,2,7,3.5,10.5,3.0,25,6.6,166,2,0
114,Tee Higgins\HiggTe00,CIN,21,wr,4,2,22,12,152,12.7,2,9,30,3.0,38.0,54.5%,6.9,1,13,0,1,13,13.0,3.3,0.3,13,12.7,165,2,0
115,T.Y. Hilton\HiltT.00,IND,31,wr,4,4,22,13,162,12.5,0,9,28,3.3,40.5,59.1%,7.4,,,,0,,,,,13,12.5,162,0,0
116,Hayden Hurst\HursHa00,ATL,27,te,4,1,22,13,162,12.5,2,7,42,3.3,40.5,59.1%,7.4,,,,0,,,,,13,12.5,162,2,0
117,JuJu Smith-Schuster\SmitJu00,PIT,24,wr,3,3,19,17,160,9.4,3,10,26,5.7,53.3,89.5%,8.4,,,,0,,,,,17,9.4,160,3,0
118,Chase Claypool\ClayCh01,PIT,22,,3,0,9,6,151,25.2,1,4,84,2.0,50.3,66.7%,16.8,1,8,0,1,8,8.0,2.7,0.3,7,22.7,159,1,1
119,Diontae Johnson\JohnDi01,PIT,24,wr,3,3,25,14,149,10.6,1,9,28,4.7,49.7,56.0%,6.0,1,9,0,0,9,9.0,3.0,0.3,15,10.5,158,1,1
120,Leonard Fournette\FourLe00,TAM,25,,4,0,8,7,34,4.9,0,2,14,1.8,8.5,87.5%,4.3,24,123,2,5,46,5.1,30.8,6.0,31,5.1,157,2,0
121,Darnell Mooney\MoonDa00,CHI,23,wr,5,1,25,15,160,10.7,1,7,33,3.0,32.0,60.0%,6.4,1,-3,0,0,-3,-3.0,-0.6,0.2,16,9.8,157,1,1
122,Tyler Higbee\HigbTy00,LAR,27,te,4,4,15,13,154,11.8,3,8,31,3.3,38.5,86.7%,10.3,,,,0,,,,,13,11.8,154,3,0
123,Isaiah Ford\FordIs00,MIA,24,,4,0,26,15,151,10.1,0,11,17,3.8,37.8,57.7%,5.8,,,,0,,,,,15,10.1,151,0,0
124,J.D. McKissic\McKiJ.00,WAS,27,rb,4,3,17,11,78,7.1,0,3,26,2.8,19.5,64.7%,4.6,18,72,0,4,13,4.0,18.0,4.5,29,5.2,150,0,1
125,Cam Newton\NewtCa00,NWE,31,qb,3,3,0,0,0,,0,0,0,0.0,0.0,0.0%,,35,149,4,15,21,4.3,49.7,11.7,35,4.3,149,4,0
126,Brian Hill\HillBr02,ATL,25,,4,0,9,7,54,7.7,0,1,22,1.8,13.5,77.8%,6.0,19,94,1,4,35,4.9,23.5,4.8,26,5.7,148,1,0
127,Mecole Hardman\HardMe00,KAN,22,wr,4,2,14,11,144,13.1,2,5,49,2.8,36.0,78.6%,10.3,1,3,0,0,3,3.0,0.8,0.3,12,12.3,147,2,0
128,O.J. Howard\HowaO.00,TAM,26,te,4,1,19,11,146,13.3,2,8,33,2.8,36.5,57.9%,7.7,,,,0,,,,,11,13.3,146,2,0
129,J.K. Dobbins\DobbJK00,BAL,22,,4,0,7,6,52,8.7,0,2,19,1.5,13.0,85.7%,7.4,15,92,2,5,44,6.1,23.0,3.8,21,6.9,144,2,0
130,Chris Godwin\GodwCh00,TAM,24,wr,2,2,13,11,143,13.0,1,6,30,5.5,71.5,84.6%,11.0,,,,0,,,,,11,13.0,143,1,0
131,Cedrick Wilson\WilsCe01,DAL,25,,4,0,13,8,141,17.6,2,7,42,2.0,35.3,61.5%,10.8,,,,0,,,,,8,17.6,141,2,0
132,Rob Gronkowski\GronRo00,TAM,31,te,5,5,20,12,140,11.7,0,6,29,2.4,28.0,60.0%,7.0,,,,0,,,,,12,11.7,140,0,0
133,Alexander Mattison\MattAl01,MIN,22,,4,0,6,5,33,6.6,0,2,9,1.3,8.3,83.3%,5.5,24,107,1,6,21,4.5,26.8,6.0,29,4.8,140,1,0
134,Greg Ward\WardGr02,PHI,25,wr,4,2,26,18,146,8.1,1,8,29,4.5,36.5,69.2%,5.6,1,-6,0,0,-6,-6.0,-1.5,0.3,19,7.4,140,1,0
135,Zach Ertz\ErtzZa00,PHI,30,te,4,4,29,19,139,7.3,1,8,30,4.8,34.8,65.5%,4.8,,,,0,,,,,19,7.3,139,1,0
136,Brandin Cooks\CookBr00,HOU,27,wr,4,4,21,10,138,13.8,0,7,38,2.5,34.5,47.6%,6.6,,,,0,,,,,10,13.8,138,0,0
137,Dallas Goedert\GoedDa00,PHI,25,te,3,1,18,13,138,10.6,1,7,34,4.3,46.0,72.2%,7.7,,,,0,,,,,13,10.6,138,1,0
138,Marvin Jones\JoneMa02,DET,30,wr,4,4,19,12,138,11.5,1,9,21,3.0,34.5,63.2%,7.3,,,,0,,,,,12,11.5,138,1,0
139,Daniel Jones\JoneDa05,NYG,23,qb,4,4,0,0,0,,0,0,0,0.0,0.0,0.0%,,18,137,0,8,23,7.6,34.3,4.5,18,7.6,137,0,3
140,Olamide Zaccheaus\ZaccOl01,ATL,23,,4,0,16,13,137,10.5,0,9,16,3.3,34.3,81.3%,8.6,,,,0,,,,,13,10.5,137,0,0
141,Adam Humphries\HumpAd00,TEN,27,wr,3,1,20,15,136,9.1,1,5,23,5.0,45.3,75.0%,6.8,,,,0,,,,,15,9.1,136,1,0
142,Josh Reynolds\ReynJo00,LAR,25,wr,4,3,12,10,135,13.5,0,8,23,2.5,33.8,83.3%,11.3,,,,0,,,,,10,13.5,135,0,2
143,Chris Conley\ConlCh00,JAX,28,wr,4,1,20,11,132,12.0,0,8,33,2.8,33.0,55.0%,6.6,,,,0,,,,,11,12.0,132,0,0
144,Chase Edmonds\EdmoCh00,ARI,24,rb,4,1,17,13,73,5.6,2,6,15,3.3,18.3,76.5%,4.3,16,59,0,5,20,3.7,14.8,4.0,29,4.6,132,2,2
145,Evan Engram\EngrEv00,NYG,26,te,4,3,30,17,131,7.7,0,10,22,4.3,32.8,56.7%,4.4,,,,0,,,,,17,7.7,131,0,0
146,Gabriel Davis\DaviGa01,BUF,21,wr,4,1,8,8,129,16.1,2,5,39,2.0,32.3,100.0%,16.1,1,0,0,0,0,0.0,0.0,0.3,9,14.3,129,2,0
147,Zach Pascal\PascZa00,IND,26,wr,4,4,19,10,129,12.9,1,6,36,2.5,32.3,52.6%,6.8,,,,0,,,,,10,12.9,129,1,0
148,Giovani Bernard\BernGi00,CIN,29,,4,0,15,12,98,8.2,0,4,42,3.0,24.5,80.0%,6.5,4,29,0,3,11,7.3,7.3,1.0,16,7.9,127,0,0
149,Cordarrelle Patterson\PattCo00,CHI,29,wr,5,1,8,7,58,8.3,0,3,25,1.4,11.6,87.5%,7.3,21,69,0,5,13,3.3,13.8,4.2,28,4.5,127,0,0
150,Jalen Guyton\GuytJa01,LAC,23,wr,4,3,7,5,125,25.0,2,4,72,1.3,31.3,71.4%,17.9,,,,0,,,,,5,25.0,125,2,0
151,Benny Snell Jr.\SnelBe00,PIT,22,,3,0,2,1,-4,-4.0,0,0,0,0.3,-1.3,50.0%,-2.0,29,129,0,5,30,4.4,43.0,9.7,30,4.2,125,0,2
152,Braxton Berrios\BerrBr00,NYJ,25,wr,4,1,15,10,123,12.3,2,6,30,2.5,30.8,66.7%,8.2,,,,0,,,,,10,12.3,123,2,0
153,DeSean Jackson\JackDe00,PHI,34,wr,3,3,20,10,121,12.1,0,7,27,3.3,40.3,50.0%,6.1,,,,0,,,,,10,12.1,121,0,0
154,Greg Olsen\OlseGr00,SEA,35,te,4,3,18,14,120,8.6,1,9,21,3.5,30.0,77.8%,6.7,,,,0,,,,,14,8.6,120,1,0
155,Kenny Golladay\GollKe00,DET,27,wr,2,2,15,10,119,11.9,2,8,19,5.0,59.5,66.7%,7.9,,,,0,,,,,10,11.9,119,2,0
156,A.J. Green\GreeA.00,CIN,32,wr,4,3,33,14,119,8.5,0,8,15,3.5,29.8,42.4%,3.6,,,,0,,,,,14,8.5,119,0,0
157,Nelson Agholor\AghoNe00,LVR,27,wr,4,1,9,8,118,14.8,2,8,23,2.0,29.5,88.9%,13.1,,,,0,,,,,8,14.8,118,2,0
158,Sam Darnold\DarnSa00,NYJ,23,qb,4,4,0,0,0,,0,0,0,0.0,0.0,0.0%,,14,117,1,5,46,8.4,29.3,3.5,14,8.4,117,1,0
159,Willie Snead\SneaWi00,BAL,28,wr,4,3,10,10,117,11.7,1,6,22,2.5,29.3,100.0%,11.7,,,,0,,,,,10,11.7,117,1,0
160,Jordan Wilkins\WilkJo01,IND,26,,4,0,2,2,22,11.0,0,1,16,0.5,5.5,100.0%,11.0,27,94,0,5,22,3.5,23.5,6.8,29,4.0,116,0,0
161,Tarik Cohen\CoheTa00,CHI,25,,3,0,9,6,41,6.8,0,1,20,2.0,13.7,66.7%,4.6,14,74,0,3,17,5.3,24.7,4.7,20,5.8,115,0,0
162,Ryan Fitzpatrick\FitzRy00,MIA,38,qb,4,4,1,1,0,0.0,0,0,0,0.3,0.0,100.0%,0.0,21,115,2,9,14,5.5,28.8,5.3,22,5.2,115,2,1
163,Kalif Raymond\RaymKa00,TEN,26,wr,3,1,5,3,118,39.3,0,3,61,1.0,39.3,60.0%,23.6,1,-3,0,0,-3,-3.0,-1.0,0.3,4,28.8,115,0,0
164,Jared Cook\CookJa02,NOR,33,te,3,1,15,9,114,12.7,1,6,46,3.0,38.0,60.0%,7.6,,,,0,,,,,9,12.7,114,1,0
165,Matt Breida\BreiMa00,MIA,25,,4,0,5,4,41,10.3,0,2,26,1.0,10.3,80.0%,8.2,18,72,0,3,11,4.0,18.0,4.5,22,5.1,113,0,1
166,Eric Ebron\EbroEr00,PIT,27,te,3,2,14,9,113,12.6,1,6,21,3.0,37.7,64.3%,8.1,,,,0,,,,,9,12.6,113,1,0
167,Miles Boykin\BoykMi00,BAL,24,wr,4,3,15,10,111,11.1,0,5,25,2.5,27.8,66.7%,7.4,,,,0,,,,,10,11.1,111,0,0
168,Jakeem Grant\GranJa00,MIA,28,,4,0,10,8,82,10.3,0,6,19,2.0,20.5,80.0%,8.2,1,29,0,1,29,29.0,7.3,0.3,9,12.3,111,0,0
169,Andy Isabella\IsabAn00,ARI,24,,4,0,10,8,117,14.6,2,5,54,2.0,29.3,80.0%,11.7,1,-6,0,0,-6,-6.0,-1.5,0.3,9,12.3,111,2,0
170,Carson Wentz\WentCa00,PHI,28,qb,4,4,0,0,0,,0,0,0,0.0,0.0,0.0%,,19,111,3,12,24,5.8,27.8,4.8,19,5.8,111,3,4
171,James White\WhitJa02,NWE,28,,2,0,11,10,68,6.8,0,4,15,5.0,34.0,90.9%,6.2,8,43,0,3,10,5.4,21.5,4.0,18,6.2,111,0,0
172,Patrick Mahomes\MahoPa00,KAN,25,qb,4,4,0,0,0,,0,0,0,0.0,0.0,0.0%,,18,108,1,7,21,6.0,27.0,4.5,18,6.0,108,1,0
173,Dontrelle Inman\InmaDo00,WAS,31,wr,4,2,21,11,105,9.5,2,7,17,2.8,26.3,52.4%,5.0,,,,0,,,,,11,9.5,105,2,1
174,Isaiah McKenzie\McKeIs00,BUF,25,wr,4,2,8,7,88,12.6,0,4,46,1.8,22.0,87.5%,11.0,3,15,0,1,14,5.0,3.8,0.8,10,10.3,103,0,0
175,Boston Scott\ScotBo02,PHI,25,rb,4,1,6,5,43,8.6,0,1,12,1.3,10.8,83.3%,7.2,18,60,0,3,13,3.3,15.0,4.5,23,4.5,103,0,0
176,Steven Sims\SimsSt00,WAS,23,wr,3,2,8,6,103,17.2,0,6,30,2.0,34.3,75.0%,12.9,,,,0,,,,,6,17.2,103,0,2
177,Golden Tate\TateGo00,NYG,32,wr,3,2,18,14,103,7.4,0,6,20,4.7,34.3,77.8%,5.7,,,,0,,,,,14,7.4,103,0,0
178,Logan Thomas\ThomLo00,WAS,29,te,4,3,28,13,102,7.8,1,8,19,3.3,25.5,46.4%,3.6,,,,0,,,,,13,7.8,102,1,0
179,Damien Harris\HarrDa06,NWE,23,rb,1,1,0,0,0,,0,0,0,0.0,0.0,0.0%,,17,100,0,2,41,5.9,100.0,17.0,17,5.9,100,0,0
180,D'Ernest Johnson\JohnDE04,CLE,24,,4,0,0,0,0,,0,0,0,0.0,0.0,0.0%,,14,100,0,5,28,7.1,25.0,3.5,14,7.1,100,0,0
181,Drew Sample\SampDr00,CIN,24,te,4,1,16,12,100,8.3,0,5,23,3.0,25.0,75.0%,6.3,,,,0,,,,,12,8.3,100,0,0
182,Mike Williams\WillMi07,LAC,26,wr,3,2,14,7,100,14.3,0,4,37,2.3,33.3,50.0%,7.1,,,,0,,,,,7,14.3,100,0,0
183,Bryan Edwards\EdwaBr01,LVR,22,wr,3,3,6,5,99,19.8,0,4,34,1.7,33.0,83.3%,16.5,,,,0,,,,,5,19.8,99,0,0
184,Chris Hogan\HogaCh00,NYJ,33,wr,4,3,23,11,98,8.9,0,5,27,2.8,24.5,47.8%,4.3,,,,0,,,,,11,8.9,98,0,0
185,Dan Arnold\ArnoDa00,ARI,25,te,4,3,12,9,97,10.8,0,5,25,2.3,24.3,75.0%,8.1,,,,0,,,,,9,10.8,97,0,1
186,Quintez Cephus\CephQu00,DET,22,wr,4,1,13,6,97,16.2,0,4,36,1.5,24.3,46.2%,7.5,,,,0,,,,,6,16.2,97,0,0
187,Austin Hooper\HoopAu00,CLE,26,te,4,4,17,12,96,8.0,1,7,12,3.0,24.0,70.6%,5.6,,,,0,,,,,12,8.0,96,1,0
188,Jalen Reagor\ReagJa00,PHI,21,wr,2,2,8,5,96,19.2,0,3,55,2.5,48.0,62.5%,12.0,,,,0,,,,,5,19.2,96,0,1
189,James O'Shaughnessy\O'ShJa00,JAX,28,te,4,4,11,9,95,10.6,0,5,26,2.3,23.8,81.8%,8.6,,,,0,,,,,9,10.6,95,0,0
190,Russell Wilson\WilsRu00,SEA,32,qb,4,4,0,0,0,,0,0,0,0.0,0.0,0.0%,,18,95,0,7,28,5.3,23.8,4.5,18,5.3,95,0,1
191,Saquon Barkley\BarkSa00,NYG,23,rb,2,2,9,6,60,10.0,0,3,38,3.0,30.0,66.7%,6.7,19,34,0,1,18,1.8,17.0,9.5,25,3.8,94,0,0
192,Justin Watson\WatsJu01,TAM,25,wr,3,2,11,7,94,13.4,0,5,36,2.3,31.3,63.6%,8.5,,,,0,,,,,7,13.4,94,0,0
193,James Washington\WashJa00,PIT,24,wr,3,1,15,10,92,9.2,1,6,21,3.3,30.7,66.7%,6.1,,,,0,,,,,10,9.2,92,1,0
194,Jeff Wilson\WilsJe01,SFO,25,,4,0,4,4,67,16.8,1,4,19,1.0,16.8,100.0%,16.8,17,24,1,2,4,1.4,6.0,4.3,21,4.3,91,2,0
195,Kenny Stills\StilKe00,HOU,28,,4,0,13,7,90,12.9,1,4,24,1.8,22.5,53.8%,6.9,,,,0,,,,,7,12.9,90,1,0
196,Preston Williams\WillPr01,MIA,23,wr,4,3,17,6,89,14.8,1,5,26,1.5,22.3,35.3%,5.2,,,,0,,,,,6,14.8,89,1,0
197,Devontae Booker\BookDe00,LVR,28,,4,0,4,4,29,7.3,0,1,14,1.0,7.3,100.0%,7.3,10,59,0,3,23,5.9,14.8,2.5,14,6.3,88,0,1
198,Larry Fitzgerald\FitzLa00,ARI,37,wr,4,4,18,14,88,6.3,0,6,12,3.5,22.0,77.8%,4.9,,,,0,,,,,14,6.3,88,0,0
199,Kerryon Johnson\JohnKe06,DET,23,rb,4,2,3,2,17,8.5,0,1,14,0.5,4.3,66.7%,5.7,21,71,1,4,9,3.4,17.8,5.3,23,3.8,88,1,0
200,Reggie Bonnafon\BonnRe00,CAR,24,,2,0,2,2,18,9.0,1,2,15,1.0,9.0,100.0%,9.0,12,69,0,4,22,5.8,34.5,6.0,14,6.2,87,1,0
201,Parris Campbell\CampPa00,IND,23,wr,2,2,9,6,71,11.8,0,4,21,3.0,35.5,66.7%,7.9,2,16,0,2,9,8.0,8.0,1.0,8,10.9,87,0,0
202,Mitchell Trubisky\TrubMi00,CHI,26,qb,3,3,0,0,0,,0,0,0,0.0,0.0,0.0%,,8,87,0,3,45,10.9,29.0,2.7,8,10.9,87,0,1
203,C.J. Uzomah\UzomC.00,CIN,27,te,2,2,11,8,87,10.9,1,6,23,4.0,43.5,72.7%,7.9,,,,0,,,,,8,10.9,87,1,0
204,Dak Prescott\PresDa01,DAL,27,qb,4,4,0,0,0,,0,0,0,0.0,0.0,0.0%,,16,86,3,8,12,5.4,21.5,4.0,16,5.4,86,3,3
205,KJ Hamler\HamlKJ00,DEN,21,wr,3,2,12,6,78,13.0,0,3,18,2.0,26.0,50.0%,6.5,2,7,0,0,9,3.5,2.3,0.7,8,10.6,85,0,0
206,Deonte Harris\HarrDe07,NOR,23,wr,4,2,11,7,55,7.9,0,4,17,1.8,13.8,63.6%,5.0,4,30,0,1,11,7.5,7.5,1.0,11,7.7,85,0,1
207,Dion Lewis\LewiDi00,NYG,30,,4,0,12,7,54,7.7,0,4,15,1.8,13.5,58.3%,4.5,13,31,1,3,10,2.4,7.8,3.3,20,4.3,85,1,0
208,Jordan Reed\ReedJo02,SFO,30,,3,0,16,11,85,7.7,2,6,18,3.7,28.3,68.8%,5.3,,,,0,,,,,11,7.7,85,2,0
209,Josh Allen\AlleJo02,BUF,24,qb,4,4,0,0,0,,0,0,0,0.0,0.0,0.0%,,25,83,3,9,16,3.3,20.8,6.3,25,3.3,83,3,3
210,Carlos Hyde\HydeCa00,SEA,30,,3,0,3,3,26,8.7,0,1,11,1.0,8.7,100.0%,8.7,16,57,1,5,9,3.6,19.0,5.3,19,4.4,83,1,0
211,Freddie Swain\SwaiFr00,SEA,22,,4,0,6,5,83,16.6,1,3,23,1.3,20.8,83.3%,13.8,,,,0,,,,,5,16.6,83,1,0
212,Sterling Shepard\ShepSt00,NYG,27,wr,2,2,10,8,76,9.5,0,4,24,4.0,38.0,80.0%,7.6,1,6,0,0,6,6.0,3.0,0.5,9,9.1,82,0,0
213,Jeff Smith\SmitJe03,NYJ,23,wr,1,1,9,7,81,11.6,0,4,21,7.0,81.0,77.8%,9.0,,,,0,,,,,7,11.6,81,0,0
214,Kalen Ballage\BallKa00,NYJ,25,,3,0,10,9,67,7.4,0,1,21,3.0,22.3,90.0%,6.7,3,13,0,1,5,4.3,4.3,1.0,12,6.7,80,0,0
215,Noah Brown\BrowNo00,DAL,24,,4,0,8,7,80,11.4,0,1,20,1.8,20.0,87.5%,10.0,,,,0,,,,,7,11.4,80,0,0
216,Olabisi Johnson\JohnOl00,MIN,23,wr,4,2,8,4,80,20.0,0,3,29,1.0,20.0,50.0%,10.0,,,,0,,,,,4,20.0,80,0,0
217,Royce Freeman\FreeRo00,DEN,24,,4,0,5,5,49,9.8,0,3,28,1.3,12.3,100.0%,9.8,9,30,0,1,13,3.3,7.5,2.3,14,5.6,79,0,0
218,Zay Jones\JoneZa00,LVR,25,wr,4,1,10,8,79,9.9,1,4,16,2.0,19.8,80.0%,7.9,,,,0,,,,,8,9.9,79,1,0
219,Christian Kirk\KirkCh01,ARI,24,wr,3,3,14,6,76,12.7,1,3,49,2.0,25.3,42.9%,5.4,1,3,0,1,3,3.0,1.0,0.3,7,11.3,79,1,0
220,Jalen Richard\RichJa01,LVR,27,,4,0,8,6,33,5.5,0,0,15,1.5,8.3,75.0%,4.1,4,46,1,3,20,11.5,11.5,1.0,10,7.9,79,1,0
221,Devonta Freeman\FreeDe00,NYG,28,rb,2,1,4,4,35,8.8,0,2,15,2.0,17.5,100.0%,8.8,16,43,0,3,10,2.7,21.5,8.0,20,3.9,78,0,0
222,Dawson Knox\KnoxDa00,BUF,24,te,3,2,9,5,78,15.6,0,1,36,1.7,26.0,55.6%,8.7,,,,0,,,,,5,15.6,78,0,1
223,Tyler Eifert\EifeTy00,JAX,30,te,4,2,16,8,77,9.6,1,4,19,2.0,19.3,50.0%,4.8,,,,0,,,,,8,9.6,77,1,0
224,Joe Burrow\BurrJo01,CIN,24,qb,4,4,0,0,0,,0,0,0,0.0,0.0,0.0%,,20,75,1,6,23,3.8,18.8,5.0,20,3.8,75,1,3
225,Van Jefferson\JeffVa00,LAR,24,,4,0,10,5,76,15.2,0,3,31,1.3,19.0,50.0%,7.6,1,-1,0,0,-1,-1.0,-0.3,0.3,6,12.5,75,0,1
226,Chris Herndon\HernCh00,NYJ,24,te,4,4,19,11,74,6.7,0,4,18,2.8,18.5,57.9%,3.9,,,,0,,,,,11,6.7,74,0,1
227,Kyle Juszczyk\JuszKy00,SFO,29,fb,4,4,7,5,67,13.4,0,2,41,1.3,16.8,71.4%,9.6,1,7,0,1,7,7.0,1.8,0.3,6,12.3,74,0,0
228,J.J. Taylor\TaylJJ01,NWE,22,,3,0,2,1,4,4.0,0,0,4,0.3,1.3,50.0%,2.0,16,70,0,4,11,4.4,23.3,5.3,17,4.4,74,0,0
229,Wayne Gallman\GallWa00,NYG,26,rb,3,1,4,3,21,7.0,0,0,14,1.0,7.0,75.0%,5.3,10,52,0,1,26,5.2,17.3,3.3,13,5.6,73,0,0
230,Michael Pittman Jr.\PittMi01,IND,23,wr,3,1,12,9,73,8.1,0,4,16,3.0,24.3,75.0%,6.1,,,,0,,,,,9,8.1,73,0,0
231,Chris Thompson\ThomCh03,JAX,30,,4,0,12,10,61,6.1,1,1,14,2.5,15.3,83.3%,5.1,4,10,0,1,5,2.5,2.5,1.0,14,5.1,71,1,0
232,Teddy Bridgewater\BridTe00,CAR,28,qb,4,4,0,0,0,,0,0,0,0.0,0.0,0.0%,,12,70,1,3,18,5.8,17.5,3.0,12,5.8,70,1,1
233,Henry Ruggs III\RuggHe00,LVR,21,wr,2,2,8,4,59,14.8,0,2,45,2.0,29.5,50.0%,7.4,2,11,0,0,7,5.5,5.5,1.0,6,11.7,70,0,0
234,Tyler Ervin\ErviTy00,GNB,27,,4,0,6,5,26,5.2,0,2,8,1.3,6.5,83.3%,4.3,4,43,0,2,21,10.8,10.8,1.0,9,7.7,69,0,0
235,Gardner Minshew II\MinsGa00,JAX,24,qb,4,4,0,0,0,,0,0,0,0.0,0.0,0.0%,,14,69,0,3,16,4.9,17.3,3.5,14,4.9,69,0,2
236,Tony Pollard\PollTo00,DAL,23,rb,4,1,7,5,36,7.2,0,2,18,1.3,9.0,71.4%,5.1,7,32,1,2,8,4.6,8.0,1.8,12,5.7,68,1,0
237,Kyle Rudolph\RudoKy00,MIN,31,te,4,4,8,6,66,11.0,1,3,22,1.5,16.5,75.0%,8.3,,,,0,,,,,6,11.0,66,1,0
238,Courtland Sutton\SuttCo00,DEN,25,wr,1,1,6,3,66,22.0,0,2,45,3.0,66.0,50.0%,11.0,,,,0,,,,,3,22.0,66,0,0
239,Tevin Coleman\ColeTe01,SFO,27,,2,0,4,3,34,11.3,0,2,18,1.5,17.0,75.0%,8.5,18,30,0,1,10,1.7,15.0,9.0,21,3.0,64,0,0
240,Foster Moreau\MoreFo00,LVR,23,te,4,1,4,4,64,16.0,1,3,31,1.0,16.0,100.0%,16.0,,,,0,,,,,4,16.0,64,1,0
241,Zack Moss\MossZa00,BUF,23,,2,0,4,3,16,5.3,1,1,8,1.5,8.0,75.0%,4.0,17,48,0,2,14,2.8,24.0,8.5,20,3.2,64,1,0
242,Darren Fells\FellDa01,HOU,34,te,4,4,10,6,63,10.5,1,4,14,1.5,15.8,60.0%,6.3,,,,0,,,,,6,10.5,63,1,0
243,Damion Ratley\RatlDa00,NYG,25,,4,0,9,4,63,15.8,0,2,29,1.0,15.8,44.4%,7.0,,,,0,,,,,4,15.8,63,0,1
244,Mike Thomas\ThomMi04,CIN,26,,4,0,10,9,62,6.9,1,4,14,2.3,15.5,90.0%,6.2,,,,0,,,,,9,6.9,62,1,0
245,C.J. Board\BoarC.00,NYG,27,wr,4,2,8,6,58,9.7,0,3,12,1.5,14.5,75.0%,7.3,1,3,0,0,3,3.0,0.8,0.3,7,8.7,61,0,0
246,Jack Doyle\DoylJa00,IND,30,te,3,3,5,4,61,15.3,0,3,28,1.3,20.3,80.0%,12.2,,,,0,,,,,4,15.3,61,0,0
247,Tyler Johnson\JohnTy00,TAM,22,wr,3,1,6,4,61,15.3,0,2,35,1.3,20.3,66.7%,10.2,,,,0,,,,,4,15.3,61,0,0
248,Harrison Bryant\BryaHa00,CLE,22,te,4,2,10,7,59,8.4,1,4,16,1.8,14.8,70.0%,5.9,,,,0,,,,,7,8.4,59,1,0
249,Jesse James\JameJe00,DET,26,te,4,2,6,4,59,14.8,1,3,31,1.0,14.8,66.7%,9.8,,,,0,,,,,4,14.8,59,1,0
250,Duke Johnson\JohnDu00,HOU,27,,2,0,5,3,21,7.0,0,1,15,1.5,10.5,60.0%,4.2,10,38,0,1,8,3.8,19.0,5.0,13,4.5,59,0,0
251,Isaiah Wright\WrigIs01,WAS,23,wr,3,2,11,8,44,5.5,0,2,11,2.7,14.7,72.7%,4.0,2,15,0,0,9,7.5,5.0,0.7,10,5.9,59,0,0
252,Blake Bell\BellBl00,DAL,29,,4,0,6,4,58,14.5,0,3,24,1.0,14.5,66.7%,9.7,,,,0,,,,,4,14.5,58,0,0
253,Deshaun Watson\WatsDe00,HOU,25,qb,4,4,0,0,0,,0,0,0,0.0,0.0,0.0%,,17,58,1,5,13,3.4,14.5,4.3,17,3.4,58,1,2
254,Travis Fulgham\FulgTr00,PHI,25,wr,1,1,3,2,57,28.5,1,2,42,2.0,57.0,66.7%,19.0,,,,0,,,,,2,28.5,57,1,0
255,Cam Akers\AkerCa00,LAR,21,rb,2,2,1,1,4,4.0,0,0,4,0.5,2.0,100.0%,4.0,17,52,0,0,6,3.1,26.0,8.5,18,3.1,56,0,0
256,Taysom Hill\HillTa00,NOR,30,qb,4,2,3,3,23,7.7,0,1,14,0.8,5.8,100.0%,7.7,10,33,0,1,13,3.3,8.3,2.5,13,4.3,56,0,2
257,Marlon Mack\MackMa00,IND,24,rb,1,1,3,3,30,10.0,0,1,19,3.0,30.0,100.0%,10.0,4,26,0,2,18,6.5,26.0,4.0,7,8.0,56,0,0
258,La'Mical Perine\PeriLa00,NYJ,22,,3,0,2,2,-1,-0.5,0,0,3,0.7,-0.3,100.0%,-0.5,15,56,0,2,11,3.7,18.7,5.0,17,3.2,55,0,0
259,Ross Dwelley\DwelRo00,SFO,25,te,4,2,5,5,54,10.8,0,3,20,1.3,13.5,100.0%,10.8,,,,0,,,,,5,10.8,54,0,0
260,Kirk Cousins\CousKi00,MIN,32,qb,4,4,0,0,0,,0,0,0,0.0,0.0,0.0%,,10,53,0,5,16,5.3,13.3,2.5,10,5.3,53,0,0
261,Gerald Everett\EverGe00,LAR,26,te,4,2,5,4,51,12.8,0,2,18,1.0,12.8,80.0%,10.2,1,2,1,1,2,2.0,0.5,0.3,5,10.6,53,1,1
262,Tyron Johnson\JohnTy03,LAC,24,,1,0,1,1,53,53.0,1,1,53,1.0,53.0,100.0%,53.0,,,,0,,,,,1,53.0,53,1,0
263,LeSean McCoy\McCoLe01,TAM,32,,4,0,13,9,55,6.1,0,2,15,2.3,13.8,69.2%,4.2,2,-2,0,0,3,-1.0,-0.5,0.5,11,4.8,53,0,0
264,Ito Smith\SmitIt00,ATL,25,,4,0,8,6,26,4.3,0,1,11,1.5,6.5,75.0%,3.3,8,27,0,0,9,3.4,6.8,2.0,14,3.8,53,0,0
265,KhaDarel Hodge\HodgKh00,CLE,25,,3,0,6,3,51,17.0,0,3,26,1.0,17.0,50.0%,8.5,,,,0,,,,,3,17.0,51,0,0
266,Travis Homer\HomeTr00,SEA,22,,4,0,4,3,7,2.3,1,1,3,0.8,1.8,75.0%,1.8,12,44,0,0,12,3.7,11.0,3.0,15,3.4,51,1,0
267,Darrel Williams\WillDa10,KAN,25,,4,0,6,5,20,4.0,0,3,12,1.3,5.0,83.3%,3.3,10,31,0,3,7,3.1,7.8,2.5,15,3.4,51,0,0
268,Anthony Firkser\FirkAn00,TEN,25,,3,0,6,6,50,8.3,0,4,16,2.0,16.7,100.0%,8.3,,,,0,,,,,6,8.3,50,0,0
269,Marvin Hall\HallMa02,DET,27,wr,4,1,5,2,50,25.0,1,2,26,0.5,12.5,40.0%,10.0,,,,0,,,,,2,25.0,50,1,0
270,David Njoku\NjokDa00,CLE,24,,1,0,3,3,50,16.7,1,3,28,3.0,50.0,100.0%,16.7,,,,0,,,,,3,16.7,50,1,0
271,Richard Rodgers\RodgRi00,PHI,28,te,4,1,6,5,50,10.0,0,2,23,1.3,12.5,83.3%,8.3,,,,0,,,,,5,10.0,50,0,0
272,Anthony McFarland Jr.\McFaAn00,PIT,21,,1,0,2,1,7,7.0,0,0,7,1.0,7.0,50.0%,3.5,6,42,0,2,20,7.0,42.0,6.0,7,7.0,49,0,0
273,Demarcus Robinson\RobiDe01,KAN,26,wr,4,1,11,6,48,8.0,0,4,14,1.5,12.0,54.5%,4.4,,,,0,,,,,6,8.0,48,0,0
274,Christian Blake\BlakCh00,ATL,24,,4,0,5,3,47,15.7,0,3,21,0.8,11.8,60.0%,9.4,,,,0,,,,,3,15.7,47,0,0
275,Cameron Brate\BratCa00,TAM,29,,5,0,8,6,47,7.8,1,3,20,1.2,9.4,75.0%,5.9,,,,0,,,,,6,7.8,47,1,0
276,Justin Herbert\HerbJu00,LAC,22,qb,3,3,0,0,0,,0,0,0,0.0,0.0,0.0%,,12,47,1,6,11,3.9,15.7,4.0,12,3.9,47,1,2
277,Le'Veon Bell\BellLe00,NYJ,28,rb,1,1,2,2,32,16.0,0,1,30,2.0,32.0,100.0%,16.0,6,14,0,1,7,2.3,14.0,6.0,8,5.8,46,0,0
278,Deebo Samuel\SamuDe00,SFO,24,,1,0,3,3,35,11.7,0,2,17,3.0,35.0,100.0%,11.7,1,10,0,1,10,10.0,10.0,1.0,4,11.3,45,0,0
279,Matthew Stafford\StafMa00,DET,32,qb,4,4,0,0,0,,0,0,0,0.0,0.0,0.0%,,10,45,0,3,13,4.5,11.3,2.5,10,4.5,45,0,0
280,Alec Ingold\IngoAl01,LVR,24,,4,0,5,5,45,9.0,1,4,17,1.3,11.3,100.0%,9.0,1,-1,0,0,-1,-1.0,-0.3,0.3,6,7.3,44,1,0
281,Ryan Izzo\IzzoRy00,NWE,25,te,4,4,8,3,44,14.7,0,2,25,0.8,11.0,37.5%,5.5,,,,0,,,,,3,14.7,44,0,0
282,Auden Tate\TateAu00,CIN,23,wr,3,1,5,3,44,14.7,0,3,19,1.0,14.7,60.0%,8.8,,,,0,,,,,3,14.7,44,0,0
283,Devin Duvernay\DuveDe00,BAL,23,,4,0,7,5,42,8.4,0,2,19,1.3,10.5,71.4%,6.0,,,,0,,,,,5,8.4,42,0,0
284,Peyton Barber\BarbPe01,WAS,26,,4,0,1,0,0,,0,0,0,0.0,0.0,0.0%,0.0,24,41,2,4,8,1.7,10.3,6.0,24,1.7,41,2,0
285,Vance McDonald\McDoVa00,PIT,30,te,3,3,7,5,41,8.2,0,2,15,1.7,13.7,71.4%,5.9,,,,0,,,,,5,8.2,41,0,0
286,Ted Ginn Jr.\GinnTe00,CHI,35,,4,0,6,3,40,13.3,0,1,29,0.8,10.0,50.0%,6.7,,,,0,,,,,3,13.3,40,0,0
287,A.J. Brown\BrowAJ00,TEN,23,wr,1,1,8,5,39,7.8,0,3,12,5.0,39.0,62.5%,4.9,,,,0,,,,,5,7.8,39,0,0
288,John Hightower\HighJo00,PHI,24,wr,4,2,9,5,39,7.8,0,3,13,1.3,9.8,55.6%,4.3,,,,0,,,,,5,7.8,39,0,0
289,Kaden Smith\SmitKa00,NYG,23,te,4,3,8,6,39,6.5,0,3,13,1.5,9.8,75.0%,4.9,,,,0,,,,,6,6.5,39,0,1
290,Cameron Batson\BatsCa00,TEN,25,,2,1,2,2,26,13.0,0,1,18,1.0,13.0,100.0%,13.0,1,11,0,1,11,11.0,5.5,0.5,3,12.3,37,0,0
291,Will Dissly\DissWi00,SEA,24,te,4,2,7,7,37,5.3,0,1,14,1.8,9.3,100.0%,5.3,,,,0,,,,,7,5.3,37,0,0
292,Durham Smythe\SmytDu00,MIA,25,te,4,3,3,3,37,12.3,0,2,18,0.8,9.3,100.0%,12.3,,,,0,,,,,3,12.3,37,0,0
293,Trent Taylor\TaylTr02,SFO,26,,4,0,10,5,37,7.4,0,2,20,1.3,9.3,50.0%,3.7,,,,0,,,,,5,7.4,37,0,0
294,Tyler Kroft\KrofTy00,BUF,28,te,4,1,8,5,36,7.2,2,4,13,1.3,9.0,62.5%,4.5,,,,0,,,,,5,7.2,36,2,0
295,Jace Sternberger\SterJa00,GNB,24,,4,0,5,3,36,12.0,0,2,23,0.8,9.0,60.0%,7.2,,,,0,,,,,3,12.0,36,0,0
296,Lawrence Cager\CageLa01,NYJ,23,,2,1,6,2,35,17.5,0,2,19,1.0,17.5,33.3%,5.8,,,,0,,,,,2,17.5,35,0,0
297,Phillip Lindsay\LindPh00,DEN,26,rb,1,1,1,1,11,11.0,0,1,11,1.0,11.0,100.0%,11.0,7,24,0,0,10,3.4,24.0,7.0,8,4.4,35,0,0
298,Ryan Tannehill\TannRy00,TEN,32,qb,3,3,1,1,0,0.0,0,0,0,0.3,0.0,100.0%,0.0,11,35,0,3,11,3.2,11.7,3.7,12,2.9,35,0,2
299,AJ Dillon\DillAJ00,GNB,22,,4,0,0,0,0,,0,0,0,0.0,0.0,0.0%,,8,34,0,1,12,4.3,8.5,2.0,8,4.3,34,0,0
300,Adam Trautman\TrauAd00,NOR,23,te,4,1,3,3,34,11.3,0,2,17,0.8,8.5,100.0%,11.3,,,,0,,,,,3,11.3,34,0,0
301,Derek Carr\CarrDe02,LVR,29,qb,4,4,0,0,0,,0,0,0,0.0,0.0,0.0%,,9,33,0,3,10,3.7,8.3,2.3,9,3.7,33,0,5
302,Corey Clement\ClemCo00,PHI,26,,4,0,2,2,2,1.0,0,1,8,0.5,0.5,100.0%,1.0,11,30,0,1,7,2.7,7.5,2.8,13,2.5,32,0,0
303,DaeSean Hamilton\HamiDa01,DEN,25,wr,4,1,9,3,32,10.7,0,2,18,0.8,8.0,33.3%,3.6,,,,0,,,,,3,10.7,32,0,0
304,Darwin Thompson\ThomDa06,KAN,24,,4,0,3,0,0,,0,0,0,0.0,0.0,0.0%,0.0,6,32,0,2,14,5.3,8.0,1.5,6,5.3,32,0,1
305,Seth Roberts\RobeSe00,CAR,29,,4,0,6,4,31,7.8,0,2,12,1.0,7.8,66.7%,5.2,,,,0,,,,,4,7.8,31,0,0
306,Ke'Shawn Vaughn\VaugKe00,TAM,23,,3,0,6,4,27,6.8,1,2,13,1.3,9.0,66.7%,4.5,3,4,0,0,3,1.3,1.3,1.0,7,4.4,31,1,1
307,Demetrius Harris\HarrDe03,CHI,29,te,5,3,8,5,30,6.0,0,2,9,1.0,6.0,62.5%,3.8,,,,0,,,,,5,6.0,30,0,0
308,Dwayne Haskins\HaskDw00,WAS,23,qb,4,4,0,0,0,,0,0,0,0.0,0.0,0.0%,,13,30,1,3,19,2.3,7.5,3.3,13,2.3,30,1,4
309,Ian Thomas\ThomIa00,CAR,24,te,4,3,9,5,30,6.0,1,4,11,1.3,7.5,55.6%,3.3,,,,0,,,,,5,6.0,30,1,0
310,Jared Goff\GoffJa00,LAR,26,qb,4,4,0,0,0,,0,0,0,0.0,0.0,0.0%,,16,29,1,4,10,1.8,7.3,4.0,16,1.8,29,1,0
311,Chris Manhertz\ManhCh00,CAR,28,te,4,3,3,3,29,9.7,0,0,17,0.8,7.3,100.0%,9.7,,,,0,,,,,3,9.7,29,0,0
312,Breshad Perriman\PerrBr02,NYJ,27,wr,2,2,7,5,29,5.8,0,2,13,2.5,14.5,71.4%,4.1,,,,0,,,,,5,5.8,29,0,0
313,Nick Boyle\BoylNi00,BAL,27,te,4,4,6,5,28,5.6,1,3,11,1.3,7.0,83.3%,4.7,,,,0,,,,,5,5.6,28,1,0
314,Jeff Driskel\DrisJe00,DEN,27,qb,3,1,0,0,0,,0,0,0,0.0,0.0,0.0%,,6,28,0,3,9,4.7,9.3,2.0,6,4.7,28,0,0
315,Josh Malone\MaloJo00,NYJ,24,,4,0,6,4,16,4.0,0,1,13,1.0,4.0,66.7%,2.7,1,12,0,1,12,12.0,3.0,0.3,5,5.6,28,0,0
316,Marcus Johnson\JohnMa07,IND,26,,1,0,1,1,27,27.0,0,1,27,1.0,27.0,100.0%,27.0,,,,0,,,,,1,27.0,27,0,0
317,Brandon Powell\PoweBr00,ATL,24,,4,0,4,3,27,9.0,0,3,13,0.8,6.8,75.0%,6.8,,,,0,,,,,3,9.0,27,0,0
318,Jalen Hurts\HurtJa00,PHI,22,,3,0,0,0,0,,0,0,0,0.0,0.0,0.0%,,5,26,0,1,14,5.2,8.7,1.7,5,5.2,26,0,2
319,Jamal Agnew\AgneJa00,DET,25,,4,0,6,4,21,5.3,0,1,20,1.0,5.3,66.7%,3.5,2,4,0,1,2,2.0,1.0,0.5,6,4.2,25,0,0
320,Cethan Carter\CartCe00,CIN,25,te,4,2,2,2,25,12.5,0,1,24,0.5,6.3,100.0%,12.5,,,,0,,,,,2,12.5,25,0,0
321,Antonio Gandy-Golden\GandAn00,WAS,22,,3,0,3,1,3,3.0,0,0,3,0.3,1.0,33.3%,1.0,1,22,0,1,22,22.0,7.3,0.3,2,12.5,25,0,0
322,Justin Jackson\JackJu01,LAC,25,,2,0,2,2,12,6.0,0,0,9,1.0,6.0,100.0%,6.0,8,13,0,0,3,1.6,6.5,4.0,10,2.5,25,0,0
323,Aaron Rodgers\RodgAa00,GNB,37,qb,4,4,1,1,-6,-6.0,0,0,-6,0.3,-1.5,100.0%,-6.0,6,31,0,2,13,5.2,7.8,1.5,7,3.6,25,0,0
324,Darrell Daniels\DaniDa02,ARI,26,te,4,3,3,2,24,12.0,0,1,15,0.5,6.0,66.7%,8.0,,,,0,,,,,2,12.0,24,0,0
325,KeeSean Johnson\JohnKe07,ARI,24,,1,0,7,2,24,12.0,0,1,14,2.0,24.0,28.6%,3.4,,,,0,,,,,2,12.0,24,0,0
326,Matt Ryan\RyanMa00,ATL,35,qb,4,4,0,0,0,,0,0,0,0.0,0.0,0.0%,,8,24,0,2,6,3.0,6.0,2.0,8,3.0,24,0,0
327,DeeJay Dallas\DallDe00,SEA,22,,2,0,2,2,15,7.5,0,1,9,1.0,7.5,100.0%,7.5,2,8,0,0,6,4.0,4.0,1.0,4,5.8,23,0,0
328,Daurice Fountain\FounDa00,IND,25,,3,0,3,2,23,11.5,0,2,12,0.7,7.7,66.7%,7.7,,,,0,,,,,2,11.5,23,0,0
329,Josh Hill\HillJo02,NOR,30,te,4,2,4,2,23,11.5,0,2,16,0.5,5.8,50.0%,5.8,,,,0,,,,,2,11.5,23,0,1
330,Jason Witten\WittJa00,LVR,38,te,4,4,4,4,23,5.8,1,3,15,1.0,5.8,100.0%,5.8,,,,0,,,,,4,5.8,23,1,0
331,Josh Adams\AdamJo03,NYJ,24,,2,0,2,2,14,7.0,0,0,7,1.0,7.0,100.0%,7.0,3,8,1,2,6,2.7,4.0,1.5,5,4.4,22,1,0
332,Marcedes Lewis\LewiMa00,GNB,36,te,3,3,3,2,22,11.0,1,1,18,0.7,7.3,66.7%,7.3,,,,0,,,,,2,11.0,22,1,0
333,Jaydon Mickens\MickJa01,TAM,26,,5,0,2,2,22,11.0,0,1,11,0.4,4.4,100.0%,11.0,,,,0,,,,,2,11.0,22,0,0
334,Dontrell Hilliard\HillDo00,CLE,25,,1,0,1,1,2,2.0,0,0,2,1.0,2.0,100.0%,2.0,5,19,0,2,10,3.8,19.0,5.0,6,3.5,21,0,0
335,Ty Montgomery\MontTy01,NOR,27,,2,0,3,2,25,12.5,0,1,17,1.0,12.5,66.7%,8.3,1,-4,0,0,-4,-4.0,-2.0,0.5,3,7.0,21,0,0
336,Darrius Shepherd\ShepDa00,GNB,25,,2,0,4,2,21,10.5,0,1,19,1.0,10.5,50.0%,5.3,,,,0,,,,,2,10.5,21,0,0
337,Isaiah Zuber\ZubeIs00,NWE,23,,2,0,0,0,0,,0,0,0,0.0,0.0,0.0%,,2,21,0,2,13,10.5,10.5,1.0,2,10.5,21,0,0
338,Malik Taylor\TaylMa01,GNB,25,wr,4,1,1,1,20,20.0,0,1,20,0.3,5.0,100.0%,20.0,,,,0,,,,,1,20.0,20,0,0
339,Deontay Burnett\BurnDe00,PHI,23,,2,0,4,3,19,6.3,0,1,10,1.5,9.5,75.0%,4.8,,,,0,,,,,3,6.3,19,0,0
340,Donald Parham\ParhDo00,LAC,23,,1,0,1,1,19,19.0,1,1,19,1.0,19.0,100.0%,19.0,,,,0,,,,,1,19.0,19,1,0
341,Jamycal Hasty\HastJa02,SFO,24,,2,0,1,1,9,9.0,0,0,9,0.5,4.5,100.0%,9.0,2,9,0,0,6,4.5,4.5,1.0,3,6.0,18,0,0
342,Javon Wims\WimsJa00,CHI,26,wr,5,1,5,3,18,6.0,1,3,12,0.6,3.6,60.0%,3.6,,,,0,,,,,3,6.0,18,1,0
343,T.J. Yeldon\YeldT.00,BUF,27,,2,0,1,0,0,,0,0,0,0.0,0.0,0.0%,0.0,3,18,0,1,9,6.0,9.0,1.5,3,6.0,18,0,0
344,Alex Armah\ArmaAl00,CAR,26,fb,4,1,1,1,14,14.0,0,1,14,0.3,3.5,100.0%,14.0,3,3,0,2,2,1.0,0.8,0.8,4,4.3,17,0,0
345,C.J. Ham\HamxC.00,MIN,27,fb,4,3,2,1,11,11.0,0,1,11,0.3,2.8,50.0%,5.5,2,6,0,1,4,3.0,1.5,0.5,3,5.7,17,0,0
346,Collin Johnson\JohnCo01,JAX,23,,4,0,6,2,17,8.5,0,1,14,0.5,4.3,33.3%,2.8,,,,0,,,,,2,8.5,17,0,0
347,MyCole Pruitt\PruiMy00,TEN,28,te,3,1,3,3,17,5.7,1,2,10,1.0,5.7,100.0%,5.7,,,,0,,,,,3,5.7,17,1,0
348,John Ross\RossJo00,CIN,26,wr,2,1,7,2,17,8.5,0,1,15,1.0,8.5,28.6%,2.4,,,,0,,,,,2,8.5,17,0,0
349,Cam Sims\SimsCa00,WAS,24,,4,0,2,2,17,8.5,0,0,9,0.5,4.3,100.0%,8.5,,,,0,,,,,2,8.5,17,0,0
350,Michael Thomas\ThomMi05,NOR,27,wr,1,1,5,3,17,5.7,0,1,8,3.0,17.0,60.0%,3.4,,,,0,,,,,3,5.7,17,0,0
351,Trey Burton\BurtTr01,IND,29,,1,0,5,2,16,8.0,0,2,8,2.0,16.0,40.0%,3.2,,,,0,,,,,2,8.0,16,0,0
352,Marquez Callaway\CallMa01,NOR,22,,3,0,1,1,16,16.0,0,1,16,0.3,5.3,100.0%,16.0,,,,0,,,,,1,16.0,16,0,0
353,Alex Erickson\EricAl01,CIN,28,,4,0,1,1,9,9.0,0,0,9,0.3,2.3,100.0%,9.0,1,7,0,0,7,7.0,1.8,0.3,2,8.0,16,0,0
354,K.J. Hill\HillKJ00,LAC,23,,4,0,4,1,15,15.0,0,1,15,0.3,3.8,25.0%,3.8,,,,0,,,,,1,15.0,15,0,0
355,Baker Mayfield\MayfBa00,CLE,25,qb,4,4,0,0,0,,0,0,0,0.0,0.0,0.0%,,9,15,0,1,8,1.7,3.8,2.3,9,1.7,15,0,0
356,Irv Smith Jr.\SmitIr01,MIN,22,te,4,1,6,2,14,7.0,0,1,11,0.5,3.5,33.3%,2.3,,,,0,,,,,2,7.0,14,0,0
357,Andy Janovich\JanoAn00,CLE,27,fb,4,1,2,2,13,6.5,0,1,13,0.5,3.3,100.0%,6.5,,,,0,,,,,2,6.5,13,0,0
358,Theo Riddick\RiddTh00,LVR,29,,1,0,0,0,0,,0,0,0,0.0,0.0,0.0%,,2,13,0,1,11,6.5,13.0,2.0,2,6.5,13,0,0
359,Levine Toilolo\ToilLe00,NYG,29,te,4,1,1,1,13,13.0,0,1,13,0.3,3.3,100.0%,13.0,,,,0,,,,,1,13.0,13,0,0
360,Josiah Deguara\DeguJo00,GNB,23,te,2,1,2,1,12,12.0,0,1,12,0.5,6.0,50.0%,6.0,,,,0,,,,,1,12.0,12,0,0
361,Blake Jarwin\JarwBl00,DAL,26,te,1,1,1,1,12,12.0,0,1,12,1.0,12.0,100.0%,12.0,,,,0,,,,,1,12.0,12,0,0
362,Cole Kmet\KmetCo00,CHI,21,te,5,3,3,1,12,12.0,0,1,12,0.2,2.4,33.3%,4.0,,,,0,,,,,1,12.0,12,0,0
363,Jeremy McNichols\McNiJe00,TEN,25,,3,0,2,1,5,5.0,0,0,5,0.3,1.7,50.0%,2.5,2,7,0,0,4,3.5,2.3,0.7,3,4.0,12,0,0
364,Keke Coutee\CoutKe00,HOU,23,,1,0,2,2,11,5.5,0,1,6,2.0,11.0,100.0%,5.5,,,,0,,,,,2,5.5,11,0,1
365,Jordan Howard\HowaJo00,MIA,26,rb,4,2,1,1,-3,-3.0,0,0,-3,0.3,-0.8,100.0%,-3.0,18,14,3,4,4,0.8,3.5,4.5,19,0.6,11,3,1
366,Gunner Olszewski\OlszGu00,NWE,24,,1,0,1,1,11,11.0,0,1,11,1.0,11.0,100.0%,11.0,,,,0,,,,,1,11.0,11,0,0
367,Virgil Green\GreeVi00,LAC,32,te,4,2,3,1,10,10.0,0,0,10,0.3,2.5,33.3%,3.3,,,,0,,,,,1,10.0,10,0,0
368,Ryan Griffin\GrifRy00,NYJ,30,,4,0,5,3,10,3.3,0,0,4,0.8,2.5,60.0%,2.0,,,,0,,,,,3,3.3,10,0,0
369,Jacob Hollister\HollJa03,SEA,27,,4,0,3,2,10,5.0,1,2,9,0.5,2.5,66.7%,3.3,,,,0,,,,,2,5.0,10,1,0
370,Keith Smith\SmitKe03,ATL,28,fb,4,3,4,3,8,2.7,0,0,4,0.8,2.0,75.0%,2.0,1,2,0,1,2,2.0,0.5,0.3,4,2.5,10,0,0
371,Darrynton Evans\EvanDa02,TEN,22,,1,0,0,0,0,,0,0,0,0.0,0.0,0.0%,,3,9,0,0,4,3.0,9.0,3.0,3,3.0,9,0,0
372,Jimmy Garoppolo\GaroJi00,SFO,29,qb,2,2,0,0,0,,0,0,0,0.0,0.0,0.0%,,1,9,0,0,9,9.0,4.5,0.5,1,9.0,9,0,0
373,Rashard Higgins\HiggRa00,CLE,26,,2,0,1,1,9,9.0,0,0,9,0.5,4.5,100.0%,9.0,,,,0,,,,,1,9.0,9,0,0
374,Tanner Hudson\HudsTa00,TAM,26,,4,0,4,1,9,9.0,0,1,9,0.3,2.3,25.0%,2.3,,,,0,,,,,1,9.0,9,0,0
375,Patrick Laird\LairPa00,MIA,25,,4,0,2,2,9,4.5,0,0,6,0.5,2.3,100.0%,4.5,,,,0,,,,,2,4.5,9,0,0
376,Gabe Nabers\NabeGa00,LAC,23,rb,4,1,1,1,5,5.0,0,0,5,0.3,1.3,100.0%,5.0,1,4,0,0,4,4.0,1.0,0.3,2,4.5,9,0,0
377,Senorise Perry\PerrSe00,TEN,29,,2,0,0,0,0,,0,0,0,0.0,0.0,0.0%,,2,9,0,1,6,4.5,4.5,1.0,2,4.5,9,0,0
378,Patrick Ricard\RicaPa00,BAL,26,fb,4,2,2,2,10,5.0,1,2,9,0.5,2.5,100.0%,5.0,1,-1,0,0,-1,-1.0,-0.3,0.3,3,3.0,9,1,1
379,Mohamed Sanu\SanuMo00,SFO,31,,3,0,1,1,9,9.0,0,1,9,0.3,3.0,100.0%,9.0,,,,0,,,,,1,9.0,9,0,0
380,DeAndre Carter\CartDe02,HOU,27,,4,0,2,1,8,8.0,0,0,8,0.3,2.0,50.0%,4.0,,,,0,,,,,1,8.0,8,0,1
381,Brian Hoyer\HoyeBr00,NWE,35,qb,1,1,0,0,0,,0,0,0,0.0,0.0,0.0%,,1,8,0,1,8,8.0,8.0,1.0,1,8.0,8,0,1
382,Joe Reed\ReedJo03,LAC,22,,3,0,0,0,0,,0,0,0,0.0,0.0,0.0%,,1,8,0,0,8,8.0,2.7,0.3,1,8.0,8,0,0
383,Jaylen Samuels\SamuJa00,PIT,24,,3,0,3,2,5,2.5,0,1,4,0.7,1.7,66.7%,1.7,2,3,0,0,2,1.5,1.0,0.7,4,2.0,8,0,0
384,Chad Beebe\BeebCh00,MIN,26,,2,0,1,1,7,7.0,0,0,7,0.5,3.5,100.0%,7.0,,,,0,,,,,1,7.0,7,0,0
385,Michael Burton\BurtMi00,NOR,28,fb,4,1,1,1,3,3.0,0,0,3,0.3,0.8,100.0%,3.0,1,4,0,1,4,4.0,1.0,0.3,2,3.5,7,0,0
386,Tyrie Cleveland\ClevTy00,DEN,23,,3,0,1,1,7,7.0,0,0,7,0.3,2.3,100.0%,7.0,,,,0,,,,,1,7.0,7,0,0
387,Jakob Johnson\JohnJa12,NWE,26,fb,4,3,2,2,7,3.5,1,1,6,0.5,1.8,100.0%,3.5,,,,0,,,,,2,3.5,7,1,0
388,Jakobi Meyers\MeyeJa01,NWE,24,,3,0,1,1,7,7.0,0,1,7,0.3,2.3,100.0%,7.0,,,,0,,,,,1,7.0,7,0,0
389,Anthony Sherman\SherAn00,KAN,32,,4,0,1,1,5,5.0,1,1,5,0.3,1.3,100.0%,5.0,2,2,0,1,2,1.0,0.5,0.5,3,2.3,7,1,0
390,Diontae Spencer\SpenDi00,DEN,28,,4,0,1,1,7,7.0,0,0,7,0.3,1.8,100.0%,7.0,,,,0,,,,,1,7.0,7,0,0
391,Tyrod Taylor\TaylTy00,LAC,31,qb,1,1,0,0,0,,0,0,0,0.0,0.0,0.0%,,6,7,0,1,4,1.2,7.0,6.0,6,1.2,7,0,0
392,Tom Brady\BradTo00,TAM,43,qb,5,5,0,0,0,,0,0,0,0.0,0.0,0.0%,,15,6,1,3,4,0.4,1.2,3.0,15,0.4,6,1,4
393,Ashton Dulin\DuliAs00,IND,23,,4,0,2,1,6,6.0,0,0,6,0.3,1.5,50.0%,3.0,,,,0,,,,,1,6.0,6,0,0
394,Cullen Gillaspia\GillCu00,HOU,25,,2,0,1,1,6,6.0,0,0,6,0.5,3.0,100.0%,6.0,,,,0,,,,,1,6.0,6,0,0
395,Luke Stocker\StocLu00,ATL,32,te,4,2,2,1,6,6.0,0,0,6,0.3,1.5,50.0%,3.0,,,,0,,,,,1,6.0,6,0,0
396,Khari Blasingame\BlasKh00,TEN,24,fb,3,1,1,1,5,5.0,0,0,5,0.3,1.7,100.0%,5.0,,,,0,,,,,1,5.0,5,0,0
397,Jake Butt\ButtJa00,DEN,25,,4,0,4,2,5,2.5,0,0,5,0.5,1.3,50.0%,1.3,,,,0,,,,,2,2.5,5,0,0
398,Drew Lock\LockDr00,DEN,24,qb,2,2,0,0,0,,0,0,0,0.0,0.0,0.0%,,3,5,0,2,3,1.7,2.5,1.5,3,1.7,5,0,3
399,Johnny Mundt\MundJo00,LAR,26,,4,0,1,1,5,5.0,0,0,5,0.3,1.3,100.0%,5.0,,,,0,,,,,1,5.0,5,0,0
400,Deon Yelder\YeldDe00,KAN,25,,2,0,1,1,5,5.0,0,0,5,0.5,2.5,100.0%,5.0,,,,0,,,,,1,5.0,5,0,0
401,Lynn Bowden Jr.\BowdLy00,MIA,23,,2,0,1,1,-1,-1.0,0,0,-1,0.5,-0.5,100.0%,-1.0,1,5,0,0,5,5.0,2.5,0.5,2,2.0,4,0,0
402,Jason Cabinda\CabiJa00,DET,24,mlb,4,1,1,1,4,4.0,0,0,4,0.3,1.0,100.0%,4.0,,,,0,,,,,1,4.0,4,0,0
403,Bobby Massie\MassBo00,CHI,31,t,5,5,1,1,4,4.0,0,1,4,0.2,0.8,100.0%,4.0,,,,0,,,,,1,4.0,4,0,0
404,Ben Roethlisberger\RoetBe00,PIT,38,qb,3,3,0,0,0,,0,0,0,0.0,0.0,0.0%,,11,4,0,1,11,0.4,1.3,3.7,11,0.4,4,0,2
405,Adam Shaheen\ShahAd00,MIA,26,te,4,1,3,1,4,4.0,0,0,4,0.3,1.0,33.3%,1.3,,,,0,,,,,1,4.0,4,0,0
406,Dede Westbrook\WestDe00,JAX,27,,1,0,1,1,4,4.0,0,0,4,1.0,4.0,100.0%,4.0,,,,0,,,,,1,4.0,4,0,0
407,Chandler Cox\CoxxCh01,MIA,24,fb,4,2,1,1,3,3.0,0,1,3,0.3,0.8,100.0%,3.0,,,,0,,,,,1,3.0,3,0,0
408,Jojo Natson\NatsJo00,CLE,26,,3,0,0,0,0,,0,0,0,0.0,0.0,0.0%,,1,3,0,0,3,3.0,1.0,0.3,1,3.0,3,0,0
409,Andre Roberts\RobeAn00,BUF,32,,4,0,1,1,6,6.0,0,0,6,0.3,1.5,100.0%,6.0,1,-3,0,0,-3,-3.0,-0.8,0.3,2,1.5,3,0,0
410,Jarrett Stidham\StidJa00,NWE,24,,1,0,0,0,0,,0,0,0,0.0,0.0,0.0%,,2,3,0,1,2,1.5,3.0,2.0,2,1.5,3,0,0
411,Chris Streveler\StreCh00,ARI,25,,3,0,0,0,0,,0,0,0,0.0,0.0,0.0%,,1,3,0,1,3,3.0,1.0,0.3,1,3.0,3,0,0
412,Jordan Thomas\ThomJo05,ARI,24,,3,0,1,1,3,3.0,1,1,3,0.3,1.0,100.0%,3.0,,,,0,,,,,1,3.0,3,1,0
413,Darian Thompson\ThomDa05,DAL,27,fs,4,4,0,0,0,,0,0,0,0.0,0.0,0.0%,,1,3,0,0,3,3.0,0.8,0.3,1,3.0,3,0,0
414,Marcus Baugh\BaugMa02,WAS,26,te,4,1,1,1,2,2.0,0,0,2,0.3,0.5,100.0%,2.0,,,,0,,,,,1,2.0,2,0,0
415,Eric Fisher\FishEr00,KAN,29,t,4,4,1,1,2,2.0,1,1,2,0.3,0.5,100.0%,2.0,,,,0,,,,,1,2.0,2,1,0
416,Robert Griffin III\GrifRo01,BAL,30,,2,0,0,0,0,,0,0,0,0.0,0.0,0.0%,,4,2,0,0,5,0.5,1.0,2.0,4,0.5,2,0,0
417,Bruce Miller\MillBr02,JAX,33,fb,4,1,2,1,2,2.0,0,1,2,0.3,0.5,50.0%,1.0,,,,0,,,,,1,2.0,2,0,0
418,Ryan Nall\NallRy00,CHI,25,,5,0,1,1,2,2.0,0,0,2,0.2,0.4,100.0%,2.0,,,,0,,,,,1,2.0,2,0,0
419,Sharrod Neasman\NeasSh00,ATL,29,,4,0,0,0,0,,0,0,0,0.0,0.0,0.0%,,1,2,0,0,2,2.0,0.5,0.3,1,2.0,2,0,1
420,Philip Rivers\RivePh00,IND,39,qb,4,4,0,0,0,,0,0,0,0.0,0.0,0.0%,,8,2,0,0,3,0.3,0.5,2.0,8,0.3,2,0,1
421,Jeremy Chinn\ChinJe00,CAR,22,fs,4,4,0,0,0,,0,0,0,0.0,0.0,0.0%,,1,1,0,0,1,1.0,0.3,0.3,1,1.0,1,0,0
422,Reggie Gilliam\GillRe00,BUF,23,,4,0,1,1,1,1.0,1,1,1,0.3,0.3,100.0%,1.0,,,,0,,,,,1,1.0,1,1,0
423,Jason Huntley\HuntJa01,PHI,22,,1,0,0,0,0,,0,0,0,0.0,0.0,0.0%,,1,1,0,0,1,1.0,1.0,1.0,1,1.0,1,0,0
424,C.J. Prosise\ProsC.00,HOU,26,,3,0,0,0,0,,0,0,0,0.0,0.0,0.0%,,1,1,0,0,1,1.0,0.3,0.3,1,1.0,1,0,0
425,Lee Smith\SmitLe00,BUF,33,,1,0,1,1,1,1.0,1,1,1,1.0,1.0,100.0%,1.0,,,,0,,,,,1,1.0,1,1,0
426,Nick Vannett\VannNi00,DEN,27,te,3,1,6,2,1,0.5,0,0,7,0.7,0.3,33.3%,0.2,,,,0,,,,,2,0.5,1,0,0